NODE|NEIGHBORNETWORKSTART|NEIGHBORNETWORKEND|NEIGHBORNETWORKPREFIXLENGTH|METRIC
as1border1|168561410|168561410|32|0
as1border1|17432833|17432833|32|0
as1border2|168629763|168629763|32|0
as1border2|17432833|17432833|32|0
as1core1|16908802|16908802|32|0
as1core1|16843009|16843009|32|0
as2border1|33620481|33620481|32|0
as2border1|33620482|33620482|32|0
as2border1|168561409|168561409|32|0
as2border2|33620481|33620481|32|0
as2border2|33620482|33620482|32|0
as2border2|169284867|169284867|32|0
as2core1|33620225|33620225|32|0
as2core1|33620737|33620737|32|0
as2core1|33620226|33620226|32|0
as2core1|33620738|33620738|32|0
as2core2|33620225|33620225|32|0
as2core2|33620737|33620737|32|0
as2core2|33620226|33620226|32|0
as2core2|33620738|33620738|32|0
as2dept1|35834115|35834115|32|0
as2dept1|35808515|35808515|32|0
as2dist1|33620481|33620481|32|0
as2dist1|33620482|33620482|32|0
as2dist1|35808516|35808516|32|0
as2dist2|33620481|33620481|32|0
as2dist2|33620482|33620482|32|0
as2dist2|35834116|35834116|32|0
as3border1|50987265|50987265|32|0
as3border1|169284866|169284866|32|0
as3border2|50987265|50987265|32|0
as3border2|168629761|168629761|32|0
as3core1|50463234|50463234|32|0
as3core1|50397441|50397441|32|0
