NODE|NEIGHBORNETWORKSTART|NEIGHBORNETWORKEND|NEIGHBORNETWORKPREFIXLENGTH|CLUSTERID
as1core1|16908802|16908802|32|17432833
as1core1|16843009|16843009|32|17432833
as2core1|33620225|33620225|32|33620481
as2core1|33620737|33620737|32|33620481
as2core1|33620226|33620226|32|33620481
as2core1|33620738|33620738|32|33620481
as2core2|33620225|33620225|32|33620482
as2core2|33620737|33620737|32|33620482
as2core2|33620226|33620226|32|33620482
as2core2|33620738|33620738|32|33620482
as3core1|50463234|50463234|32|50987265
as3core1|50397441|50397441|32|50987265
