STARTIP|START|END|PREFIXLENGTH
16843009|16843009|16843009|32
16777472|16777472|16777727|24
168561408|168561408|168561663|24
16908802|16908802|16908802|32
16777728|16777728|16777983|24
168629760|168629760|168630015|24
17432833|17432833|17432833|32
16777472|16777472|16777727|24
16777728|16777728|16777983|24
33620225|33620225|33620225|32
34343936|34343936|34344191|24
168561408|168561408|168561663|24
34343680|34343680|34343935|24
33554432|33554432|50331647|8
33620226|33620226|33620226|32
34346496|34346496|34346751|24
169284864|169284864|169285119|24
34346240|34346240|34346495|24
33554432|33554432|50331647|8
33620481|33620481|33620481|32
35064832|35064832|35065087|24
34343680|34343680|34343935|24
34346240|34346240|34346495|24
35064576|35064576|35064831|24
33620482|33620482|33620482|32
35067136|35067136|35067391|24
34346496|34346496|34346751|24
34343936|34343936|34344191|24
35067392|35067392|35067647|24
33620993|33620993|33620993|32
41943040|41943040|42008575|16
35808512|35808512|35808767|24
35834112|35834112|35834367|24
33620737|33620737|33620737|32
35808512|35808512|35808767|24
35067136|35067136|35067391|24
35064576|35064576|35064831|24
33620738|33620738|33620738|32
35834112|35834112|35834367|24
35067392|35067392|35067647|24
35064832|35064832|35065087|24
41943040|41943040|42008575|16
0|0|4294967295|0
50397441|50397441|50397441|32
169284864|169284864|169285119|24
50331904|50331904|50332159|24
50463234|50463234|50463234|32
50332160|50332160|50332415|24
168629760|168629760|168630015|24
50987265|50987265|50987265|32
50332160|50332160|50332415|24
50331904|50331904|50332159|24
